A=[-7 5 -9 0;2 -1 2 0;1 -1 2 0;0 0 0 0]
B=[16 3 2 13;5 10 11 8;9 6 7 12;4 15 14 1]
[A,B]
[A;B]
