A=diag([5 5 5 5 5 5 5])
A(7,8)=5
A(6,8)=5
A(5,8)=5
A(4,8)=5
A(3,8)=5
A(2,8)=5
A(1,8)=5
