A=[-7 5 -9;2 -1 2;1 -1 2]
B=[16 3 2 13;5 10 11 8;9 6 7 12;4 15 14 1]
C=[4 2 -3;7 -7 9;3 -5 6]
D=[6 3 2;2 12 -7;-1 6 2;-5 15 11]

3*A-5*C

A=[-7 5 -9 0;2 -1 2 0;1 -1 2 0;0 0 0 0]

7*A+2*B

A=[-7 5 -9;2 -1 2;1 -1 2]

C*A

C=[4 2 -3;7 -7 9;3 -5 6;0 0 0]

C*D


