A=[-7 5 -9;2 -1 2;1 -1 2]
 A(3,:)
 A(:,2)
